145.882878	97.273001	63.344196
71.667065	214.954612	36.343032
0.645876	11.578969	335.913007
0.008779	-0.003907	-0.001233
-0.002941	0.005988	-0.000093
0.000085	-0.000199	0.002983
0.233435	0.254531	0.404433
303.043728	319.266450	345.389362
0.000000	0.000000	0.000000
0.000000	0.000000	0.000000
0.000000	0.000000	0.000000
0.000016	0.000008	0.000014
0.000061	0.000052	0.000059
0.000127	0.000117	0.000124
0.000214	0.000202	0.000210
0.000321	0.000309	0.000316
0.000449	0.000436	0.000444
0.000599	0.000586	0.000593
0.000770	0.000756	0.000763
0.000962	0.000949	0.000955
0.001176	0.001164	0.001169
0.001412	0.001400	0.001405
0.001670	0.001659	0.001663
0.001951	0.001941	0.001944
0.002254	0.002245	0.002247
0.002579	0.002572	0.002574
0.002928	0.002922	0.002923
0.003300	0.003295	0.003297
0.003695	0.003691	0.003693
0.004113	0.004111	0.004114
0.004555	0.004554	0.004558
0.005021	0.005022	0.005027
0.005511	0.005513	0.005520
0.006025	0.006028	0.006038
0.006563	0.006568	0.006581
0.007126	0.007133	0.007149
0.007714	0.007722	0.007742
0.008327	0.008335	0.008361
0.008965	0.008974	0.009006
0.009628	0.009638	0.009676
0.010317	0.010328	0.010373
0.011032	0.011044	0.011096
0.011773	0.011786	0.011846
0.012541	0.012554	0.012623
0.013336	0.013350	0.013428
0.014158	0.014173	0.014260
0.015008	0.015024	0.015120
0.015886	0.015904	0.016007
0.016792	0.016812	0.016924
0.017726	0.017748	0.017869
0.018690	0.018715	0.018842
0.019682	0.019711	0.019845
0.020704	0.020737	0.020877
0.021756	0.021794	0.021939
0.022838	0.022881	0.023031
0.023950	0.023999	0.024152
0.025091	0.025147	0.025303
0.026261	0.026325	0.026483
0.027459	0.027531	0.027691
0.028686	0.028766	0.028928
0.029941	0.030029	0.030193
0.031224	0.031320	0.031486
0.032536	0.032640	0.032809
0.033878	0.033988	0.034160
0.035249	0.035366	0.035542
0.036650	0.036773	0.036953
0.038083	0.038210	0.038395
0.039546	0.039677	0.039867
0.041041	0.041175	0.041371
0.042568	0.042703	0.042907
0.044128	0.044262	0.044474
0.045720	0.045852	0.046072
0.047344	0.047472	0.047703
0.049000	0.049124	0.049365
0.050689	0.050807	0.051060
0.052410	0.052521	0.052786
0.054163	0.054266	0.054544
0.055949	0.056043	0.056334
0.057767	0.057851	0.058156
0.059617	0.059691	0.060011
0.061499	0.061562	0.061897
0.063414	0.063465	0.063816
0.065361	0.065400	0.065767
0.067340	0.067367	0.067750
0.069352	0.069365	0.069765
0.071396	0.071396	0.071813
0.073473	0.073459	0.073894
0.075581	0.075555	0.076006
0.077722	0.077682	0.078152
0.079896	0.079842	0.080330
0.082102	0.082035	0.082540
0.084340	0.084260	0.084783
0.086611	0.086518	0.087059
0.088914	0.088809	0.089368
0.091249	0.091132	0.091709
0.093617	0.093489	0.094084
0.096017	0.095878	0.096491
0.098450	0.098301	0.098931
0.100915	0.100757	0.101404
0.103412	0.103246	0.103910
0.105942	0.105769	0.106449
0.108504	0.108325	0.109022
0.111099	0.110915	0.111627
0.113726	0.113538	0.114266
0.116386	0.116195	0.116938
0.119078	0.118886	0.119644
0.121803	0.121611	0.122382
0.124560	0.124370	0.125154
0.127349	0.127163	0.127960
0.130171	0.129990	0.130799
0.133026	0.132852	0.133672
0.135913	0.135748	0.136578
0.138832	0.138678	0.139518
0.141785	0.141643	0.142492
0.144770	0.144642	0.145499
0.147789	0.147675	0.148540
0.150841	0.150743	0.151615
0.153926	0.153846	0.154723
0.157045	0.156983	0.157865
0.160197	0.160154	0.161041
0.163384	0.163360	0.164251
0.166604	0.166601	0.167495
0.169859	0.169876	0.170773
0.173148	0.173186	0.174084
0.176471	0.176530	0.177430
0.179829	0.179910	0.180810
0.183222	0.183323	0.184223
0.186650	0.186772	0.187671
0.190113	0.190255	0.191152
0.193611	0.193773	0.194668
0.197145	0.197325	0.198218
0.200714	0.200912	0.201802
0.204319	0.204535	0.205420
0.207960	0.208191	0.209073
0.211637	0.211883	0.212759
0.215350	0.215610	0.216480
0.219100	0.219371	0.220235
0.222886	0.223167	0.224025
0.226708	0.226998	0.227849
0.230567	0.230864	0.231708
0.234462	0.234765	0.235601
0.238393	0.238702	0.239530
0.242361	0.242673	0.243494
0.246364	0.246680	0.247493
0.250404	0.250721	0.251528
0.254480	0.254798	0.255599
0.258591	0.258911	0.259705
0.262738	0.263059	0.263848
0.266921	0.267242	0.268028
0.271140	0.271461	0.272243
0.275395	0.275715	0.276496
0.279685	0.280005	0.280786
0.284010	0.284331	0.285112
0.288371	0.288692	0.289476
0.292767	0.293089	0.293878
0.297199	0.297522	0.298317
0.301666	0.301991	0.302794
0.306168	0.306495	0.307310
0.310705	0.311036	0.311863
0.315277	0.315613	0.316455
0.319884	0.320226	0.321086
0.324526	0.324875	0.325755
0.329203	0.329560	0.330463
0.333915	0.334281	0.335210
0.338662	0.339039	0.339996
0.343444	0.343834	0.344820
0.348262	0.348665	0.349683
0.353115	0.353533	0.354583
0.358003	0.358437	0.359521
0.362927	0.363379	0.364497
0.367887	0.368358	0.369510
0.372883	0.373374	0.374561
0.377915	0.378428	0.379649
0.382983	0.383518	0.384773
0.388087	0.388647	0.389934
0.393228	0.393813	0.395131
0.398405	0.399017	0.400365
0.403619	0.404259	0.405635
0.408870	0.409539	0.410940
0.414158	0.414857	0.416281
0.419482	0.420213	0.421658
0.424844	0.425608	0.427070
0.430243	0.431041	0.432517
0.435679	0.436512	0.437999
0.441153	0.442023	0.443515
0.446664	0.447572	0.449066
0.452213	0.453160	0.454651
0.457800	0.458787	0.460270
0.463425	0.464454	0.465924
0.469087	0.470159	0.471612
0.474788	0.475903	0.477335
0.480527	0.481685	0.483094
0.486304	0.487507	0.488888
0.492119	0.493367	0.494717
0.497972	0.499266	0.500583
0.503864	0.505203	0.506486
0.509793	0.511179	0.512425
0.515762	0.517193	0.518401
0.521768	0.523245	0.524414
0.527814	0.529336	0.530465
0.533897	0.535465	0.536553
0.540020	0.541632	0.542680
0.546181	0.547837	0.548846
0.552381	0.554080	0.555050
0.558619	0.560361	0.561293
0.564897	0.566680	0.567575
0.571213	0.573037	0.573898
0.577568	0.579431	0.580260
0.583962	0.585863	0.586662
0.590396	0.592333	0.593105
0.596868	0.598840	0.599589
0.603380	0.605385	0.606114
0.609930	0.611967	0.612680
0.616521	0.618586	0.619288
0.623150	0.625243	0.625937
0.629820	0.631938	0.632628
0.636531	0.638671	0.639360
0.643282	0.645442	0.646133
0.650075	0.652252	0.652948
0.656909	0.659100	0.659803
0.663786	0.665988	0.666698
0.670705	0.672915	0.673634
0.677668	0.679882	0.680611
0.684673	0.686888	0.687628
0.691723	0.693934	0.694685
0.698817	0.701021	0.701781
0.705956	0.708148	0.708918
0.713139	0.715316	0.716094
0.720369	0.722525	0.723309
0.727644	0.729776	0.730564
0.734965	0.737067	0.737858
0.742334	0.744401	0.745191
0.749749	0.751777	0.752563
0.757212	0.759195	0.759974
0.764724	0.766655	0.767423
0.772283	0.774158	0.774911
0.779892	0.781704	0.782437
0.787550	0.789294	0.790001
0.795257	0.796927	0.797603
0.803014	0.804603	0.805243
0.810820	0.812323	0.812920
0.818673	0.820085	0.820636
0.826570	0.827888	0.828389
0.834512	0.835732	0.836181
0.842495	0.843616	0.844010
0.850519	0.851539	0.851877
0.858582	0.859501	0.859782
0.866681	0.867500	0.867725
0.874817	0.875536	0.875707
0.882986	0.883609	0.883726
0.891187	0.891716	0.891783
0.899419	0.899859	0.899878
0.907680	0.908036	0.908012
0.915968	0.916245	0.916183
0.924282	0.924487	0.924393
0.932621	0.932761	0.932641
0.940981	0.941066	0.940927
0.949363	0.949400	0.949251
0.957764	0.957765	0.957614
0.966182	0.966157	0.966014
0.974617	0.974578	0.974453
0.983066	0.983026	0.982931
0.991527	0.991500	0.991446
1.000000	1.000000	1.000000
